[data]
n = 4
r1 = 5,-2,6,7
r2 = 2,4,6,8
r3 = 1,2,3,4
r4 = 3,3,2,2

[solution]
lambdal1 = 12.6839023135
lambdal2 = 4.28107006466
lambdal3 = -2.96497237816
lambdal4 = 9.84150671111e-17
vector1 = [ 0.45275645  0.715045    0.3575225   0.39484162]
vector2 = [ 0.7672448  -0.57363786 -0.28681893  0.00314894]
vector3 = [-0.54393254 -0.43792876 -0.21896438  0.68147663]
vector4 = [-0.16915632  0.00995037  0.80598012 -0.5671712 ]

